1
3
4
10
11
12
47
48
92
98
99
120
124
129
157
172
173
201
220
224
225
291
550
674
851
852
885
2321
2829
2948
15
177
202
254
344
345
358
459
529
551
577
662
692
748
789
818
874
937
952
976
1045
1089
1092
1093
1117
1175
1179
1223
1248
1284
1375
1386
1432
1514
1612
1733
1743
1750
1804
1891
1994
2002
2074
2077
2092
2108
2137
2188
2274
2340
2472
2592
2599
2700
2814
2822
2853
2878
2897
2921
2945
2962
114
366
449
474
712
723
814
1174
1204
1247
1263
1395
1673
2129
2134
2197
2239
2248
2470
2861
300
769
2459
